x  y long lat
40 59 116.0 41.7
41 57 116.0 41.5
41 58 116.0 41.6
41 59 116.0 41.7
42 57 116.1 41.5
42 58 116.1 41.6
42 59 116.1 41.7
42 60 116.1 41.8
42 61 116.1 41.9
43 54 116.2 41.2
43 55 116.2 41.2
43 56 116.2 41.4
43 57 116.2 41.5
43 58 116.2 41.6
43 59 116.2 41.7
43 60 116.2 41.8
43 61 116.2 41.9
44 53 116.3 41.1
44 54 116.3 41.2
44 55 116.3 41.2
44 56 116.3 41.4
44 57 116.3 41.5
44 58 116.3 41.6
44 59 116.3 41.7
44 60 116.3 41.8
44 61 116.3 41.9
44 62 116.3 42.0
45 53 116.5 41.1
45 54 116.5 41.2
45 55 116.5 41.2
45 56 116.5 41.4
45 57 116.5 41.5
45 58 116.5 41.6
45 59 116.5 41.7
45 60 116.5 41.8
45 61 116.5 41.9
46 53 116.5 41.1
46 54 116.5 41.2
46 55 116.5 41.2
46 56 116.5 41.4
46 57 116.5 41.5
46 58 116.5 41.6
46 59 116.5 41.7
46 60 116.5 41.8
46 61 116.5 41.9
47 54 116.6 41.2
47 55 116.6 41.2
47 56 116.6 41.4
47 57 116.6 41.5
47 58 116.6 41.6
47 59 116.6 41.7
47 60 116.6 41.8
47 61 116.6 41.9
48 52 116.8 41.0
48 53 116.8 41.1
48 54 116.8 41.2
48 55 116.8 41.2
48 56 116.8 41.4
48 57 116.8 41.5
48 58 116.8 41.6
48 59 116.8 41.7
48 60 116.8 41.8
48 61 116.8 41.9
48 62 116.8 42.0
49 51 116.8 40.9
49 52 116.8 41.0
49 53 116.8 41.1
49 54 116.8 41.2
49 55 116.8 41.2
49 56 116.8 41.4
49 57 116.8 41.5
49 58 116.8 41.6
49 59 116.8 41.7
49 60 116.8 41.8
49 61 116.8 41.9
49 62 116.8 42.0
49 64 116.8 42.2
50 50 117.0 40.8
50 51 117.0 40.9
50 52 117.0 41.0
50 53 117.0 41.1
50 54 117.0 41.2
50 55 117.0 41.2
50 56 117.0 41.4
50 57 117.0 41.5
50 58 117.0 41.6
50 59 117.0 41.7
50 60 117.0 41.8
50 61 117.0 41.9
50 62 117.0 42.0
50 63 117.0 42.1
50 64 117.0 42.2
50 65 117.0 42.2
50 66 117.0 42.4
51 50 117.0 40.8
51 51 117.0 40.9
51 52 117.0 41.0
51 53 117.0 41.1
51 54 117.0 41.2
51 55 117.0 41.2
51 56 117.0 41.4
51 57 117.0 41.5
51 58 117.0 41.6
51 59 117.0 41.7
51 60 117.0 41.8
51 61 117.0 41.9
51 62 117.0 42.0
51 63 117.0 42.1
51 64 117.0 42.2
51 65 117.0 42.2
51 66 117.0 42.4
51 67 117.0 42.5
52 50 117.1 40.8
52 51 117.1 40.9
52 52 117.1 41.0
52 53 117.1 41.1
52 54 117.1 41.2
52 55 117.1 41.2
52 56 117.1 41.4
52 57 117.1 41.5
52 58 117.1 41.6
52 59 117.1 41.7
52 60 117.1 41.8
52 61 117.1 41.9
52 62 117.1 42.0
52 63 117.1 42.1
52 64 117.1 42.2
52 65 117.1 42.2
52 66 117.1 42.4
52 67 117.1 42.5
53 46 117.2 40.4
53 47 117.2 40.5
53 48 117.2 40.6
53 50 117.2 40.8
53 51 117.2 40.9
53 52 117.2 41.0
53 53 117.2 41.1
53 54 117.2 41.2
53 55 117.2 41.2
53 56 117.2 41.4
53 57 117.2 41.5
53 58 117.2 41.6
53 59 117.2 41.7
53 60 117.2 41.8
53 61 117.2 41.9
53 62 117.2 42.0
53 63 117.2 42.1
53 64 117.2 42.2
53 65 117.2 42.2
53 66 117.2 42.4
53 67 117.2 42.5
54 45 117.3 40.2
54 46 117.3 40.4
54 47 117.3 40.5
54 48 117.3 40.6
54 50 117.3 40.8
54 51 117.3 40.9
54 52 117.3 41.0
54 53 117.3 41.1
54 54 117.3 41.2
54 55 117.3 41.2
54 56 117.3 41.4
54 57 117.3 41.5
54 58 117.3 41.6
54 59 117.3 41.7
54 60 117.3 41.8
54 61 117.3 41.9
54 62 117.3 42.0
54 63 117.3 42.1
54 64 117.3 42.2
54 65 117.3 42.2
54 66 117.3 42.4
54 67 117.3 42.5
55 45 117.5 40.2
55 46 117.5 40.4
55 47 117.5 40.5
55 48 117.5 40.6
55 49 117.5 40.7
55 50 117.5 40.8
55 51 117.5 40.9
55 52 117.5 41.0
55 53 117.5 41.1
55 54 117.5 41.2
55 55 117.5 41.2
55 56 117.5 41.4
55 57 117.5 41.5
55 58 117.5 41.6
55 59 117.5 41.7
55 60 117.5 41.8
55 61 117.5 41.9
55 62 117.5 42.0
55 63 117.5 42.1
55 64 117.5 42.2
55 65 117.5 42.2
55 66 117.5 42.4
55 67 117.5 42.5
56 45 117.5 40.2
56 46 117.5 40.4
56 47 117.5 40.5
56 48 117.5 40.6
56 49 117.5 40.7
56 50 117.5 40.8
56 51 117.5 40.9
56 52 117.5 41.0
56 53 117.5 41.1
56 54 117.5 41.2
56 55 117.5 41.2
56 56 117.5 41.4
56 57 117.5 41.5
56 58 117.5 41.6
56 59 117.5 41.7
56 60 117.5 41.8
56 61 117.5 41.9
56 62 117.5 42.0
56 63 117.5 42.1
56 64 117.5 42.2
56 65 117.5 42.2
56 66 117.5 42.4
56 67 117.5 42.5
56 68 117.5 42.6
57 45 117.6 40.2
57 46 117.6 40.4
57 47 117.6 40.5
57 48 117.6 40.6
57 49 117.6 40.7
57 50 117.6 40.8
57 51 117.6 40.9
57 52 117.6 41.0
57 53 117.6 41.1
57 54 117.6 41.2
57 55 117.6 41.2
57 56 117.6 41.4
57 57 117.6 41.5
57 58 117.6 41.6
57 59 117.6 41.7
57 60 117.6 41.8
57 61 117.6 41.9
57 62 117.6 42.0
57 63 117.6 42.1
57 64 117.6 42.2
57 65 117.6 42.2
57 66 117.6 42.4
57 67 117.6 42.5
57 68 117.6 42.6
58 45 117.8 40.2
58 46 117.8 40.4
58 47 117.8 40.5
58 48 117.8 40.6
58 49 117.8 40.7
58 50 117.8 40.8
58 51 117.8 40.9
58 52 117.8 41.0
58 53 117.8 41.1
58 54 117.8 41.2
58 55 117.8 41.2
58 56 117.8 41.4
58 57 117.8 41.5
58 58 117.8 41.6
58 59 117.8 41.7
58 60 117.8 41.8
58 61 117.8 41.9
58 62 117.8 42.0
58 63 117.8 42.1
58 64 117.8 42.2
58 65 117.8 42.2
58 66 117.8 42.4
58 67 117.8 42.5
58 68 117.8 42.6
59 46 117.8 40.4
59 47 117.8 40.5
59 48 117.8 40.6
59 49 117.8 40.7
59 50 117.8 40.8
59 51 117.8 40.9
59 52 117.8 41.0
59 53 117.8 41.1
59 54 117.8 41.2
59 55 117.8 41.2
59 56 117.8 41.4
59 57 117.8 41.5
59 58 117.8 41.6
59 59 117.8 41.7
59 60 117.8 41.8
59 61 117.8 41.9
59 62 117.8 42.0
59 63 117.8 42.1
59 64 117.8 42.2
59 65 117.8 42.2
59 66 117.8 42.4
59 67 117.8 42.5
60 46 118.0 40.4
60 47 118.0 40.5
60 48 118.0 40.6
60 49 118.0 40.7
60 50 118.0 40.8
60 51 118.0 40.9
60 52 118.0 41.0
60 53 118.0 41.1
60 54 118.0 41.2
60 55 118.0 41.2
60 56 118.0 41.4
60 57 118.0 41.5
60 58 118.0 41.6
60 59 118.0 41.7
60 60 118.0 41.8
60 61 118.0 41.9
60 62 118.0 42.0
60 63 118.0 42.1
60 64 118.0 42.2
60 65 118.0 42.2
60 66 118.0 42.4
61 46 118.0 40.4
61 47 118.0 40.5
61 48 118.0 40.6
61 49 118.0 40.7
61 50 118.0 40.8
61 51 118.0 40.9
61 52 118.0 41.0
61 53 118.0 41.1
61 54 118.0 41.2
61 55 118.0 41.2
61 56 118.0 41.4
61 57 118.0 41.5
61 58 118.0 41.6
61 59 118.0 41.7
61 60 118.0 41.8
61 61 118.0 41.9
61 62 118.0 42.0
61 63 118.0 42.1
61 64 118.0 42.2
62 47 118.1 40.5
62 48 118.1 40.6
62 49 118.1 40.7
62 50 118.1 40.8
62 51 118.1 40.9
62 52 118.1 41.0
62 53 118.1 41.1
62 54 118.1 41.2
62 55 118.1 41.2
62 56 118.1 41.4
62 57 118.1 41.5
62 58 118.1 41.6
62 59 118.1 41.7
62 61 118.1 41.9
62 62 118.1 42.0
63 48 118.2 40.6
63 49 118.2 40.7
63 50 118.2 40.8
63 51 118.2 40.9
63 52 118.2 41.0
63 53 118.2 41.1
63 54 118.2 41.2
63 55 118.2 41.2
63 56 118.2 41.4
63 57 118.2 41.5
63 58 118.2 41.6
63 61 118.2 41.9
63 62 118.2 42.0
63 63 118.2 42.1
64 47 118.3 40.5
64 48 118.3 40.6
64 49 118.3 40.7
64 50 118.3 40.8
64 51 118.3 40.9
64 52 118.3 41.0
64 53 118.3 41.1
64 54 118.3 41.2
64 55 118.3 41.2
65 47 118.5 40.5
65 48 118.5 40.6
65 49 118.5 40.7
65 50 118.5 40.8
65 51 118.5 40.9
65 52 118.5 41.0
65 53 118.5 41.1
65 54 118.5 41.2
65 55 118.5 41.2
66 46 118.5 40.4
66 47 118.5 40.5
66 48 118.5 40.6
66 49 118.5 40.7
66 50 118.5 40.8
66 51 118.5 40.9
66 52 118.5 41.0
66 53 118.5 41.1
66 54 118.5 41.2
66 55 118.5 41.2
66 56 118.5 41.4
67 47 118.6 40.5
67 48 118.6 40.6
67 49 118.6 40.7
67 50 118.6 40.8
67 51 118.6 40.9
67 52 118.6 41.0
67 53 118.6 41.1
67 54 118.6 41.2
67 55 118.6 41.2
68 48 118.8 40.6
68 49 118.8 40.7
68 50 118.8 40.8
68 51 118.8 40.9
68 52 118.8 41.0
68 53 118.8 41.1
68 54 118.8 41.2
68 55 118.8 41.2
69 48 118.8 40.6
69 49 118.8 40.7
69 50 118.8 40.8
69 51 118.8 40.9
69 52 118.8 41.0
69 53 118.8 41.1
69 54 118.8 41.2
69 55 118.8 41.2
70 48 119.0 40.6
70 49 119.0 40.7
70 54 119.0 41.2
70 55 119.0 41.2
71 49 119.0 40.7
71 54 119.0 41.2
71 55 119.0 41.2
72 49 119.1 40.7
72 55 119.1 41.2
