x     y      long    lat
31    25     111.05  33.25
31    26     111.05  33.35
31    27     111.05  33.45
31    28     111.05  33.55
32    23     111.15  33.05
32    24     111.15  33.15
32    25     111.15  33.25
32    26     111.15  33.35
32    27     111.15  33.45
32    28     111.15  33.55
32    29     111.15  33.65
33    22     111.25  32.95
33    23     111.25  33.05
33    24     111.25  33.15
33    25     111.25  33.25
33    26     111.25  33.35
33    27     111.25  33.45
33    28     111.25  33.55
33    29     111.25  33.65
33    30     111.25  33.75
34    21     111.35  32.85
34    22     111.35  32.95
34    23     111.35  33.05
34    24     111.35  33.15
34    25     111.35  33.25
34    26     111.35  33.35
34    27     111.35  33.45
34    28     111.35  33.55
34    29     111.35  33.65
34    30     111.35  33.75
35    21     111.45  32.85
35    22     111.45  32.95
35    23     111.45  33.05
35    24     111.45  33.15
35    25     111.45  33.25
35    26     111.45  33.35
35    27     111.45  33.45
35    28     111.45  33.55
35    29     111.45  33.65
36    19     111.55  32.65
36    20     111.55  32.75
36    21     111.55  32.85
36    22     111.55  32.95
36    23     111.55  33.05
36    24     111.55  33.15
36    25     111.55  33.25
36    26     111.55  33.35
36    27     111.55  33.45
36    28     111.55  33.55
36    29     111.55  33.65
37    19     111.65  32.65
37    20     111.65  32.75
37    21     111.65  32.85
37    22     111.65  32.95
37    23     111.65  33.05
37    24     111.65  33.15
37    25     111.65  33.25
37    26     111.65  33.35
37    27     111.65  33.45
37    28     111.65  33.55
37    29     111.65  33.65
38    19     111.75  32.65
38    20     111.75  32.75
38    21     111.75  32.85
38    22     111.75  32.95
38    23     111.75  33.05
38    24     111.75  33.15
38    25     111.75  33.25
38    26     111.75  33.35
38    27     111.75  33.45
38    28     111.75  33.55
38    29     111.75  33.65
39    18     111.85  32.55
39    19     111.85  32.65
39    20     111.85  32.75
39    21     111.85  32.85
39    22     111.85  32.95
39    23     111.85  33.05
39    24     111.85  33.15
39    25     111.85  33.25
39    26     111.85  33.35
39    27     111.85  33.45
39    28     111.85  33.55
40    18     111.95  32.55
40    19     111.95  32.65
40    20     111.95  32.75
40    21     111.95  32.85
40    22     111.95  32.95
40    23     111.95  33.05
40    24     111.95  33.15
40    25     111.95  33.25
40    26     111.95  33.35
40    27     111.95  33.45
40    28     111.95  33.55
41    18     112.05  32.55
41    19     112.05  32.65
41    20     112.05  32.75
41    21     112.05  32.85
41    22     112.05  32.95
41    23     112.05  33.05
41    24     112.05  33.15
41    25     112.05  33.25
41    26     112.05  33.35
41    27     112.05  33.45
41    28     112.05  33.55
42    17     112.15  32.45
42    18     112.15  32.55
42    19     112.15  32.65
42    20     112.15  32.75
42    21     112.15  32.85
42    22     112.15  32.95
42    23     112.15  33.05
42    24     112.15  33.15
42    25     112.15  33.25
42    26     112.15  33.35
42    27     112.15  33.45
42    28     112.15  33.55
42    29     112.15  33.65
43    17     112.25  32.45
43    18     112.25  32.55
43    19     112.25  32.65
43    20     112.25  32.75
43    21     112.25  32.85
43    22     112.25  32.95
43    23     112.25  33.05
43    24     112.25  33.15
43    25     112.25  33.25
43    26     112.25  33.35
43    27     112.25  33.45
43    28     112.25  33.55
43    29     112.25  33.65
44    17     112.35  32.45
44    18     112.35  32.55
44    19     112.35  32.65
44    20     112.35  32.75
44    21     112.35  32.85
44    22     112.35  32.95
44    23     112.35  33.05
44    24     112.35  33.15
44    25     112.35  33.25
44    26     112.35  33.35
44    27     112.35  33.45
44    28     112.35  33.55
44    29     112.35  33.65
45    17     112.45  32.45
45    18     112.45  32.55
45    19     112.45  32.65
45    20     112.45  32.75
45    21     112.45  32.85
45    22     112.45  32.95
45    23     112.45  33.05
45    24     112.45  33.15
45    25     112.45  33.25
45    26     112.45  33.35
45    27     112.45  33.45
45    28     112.45  33.55
46    17     112.55  32.45
46    18     112.55  32.55
46    19     112.55  32.65
46    20     112.55  32.75
46    21     112.55  32.85
46    22     112.55  32.95
46    23     112.55  33.05
46    24     112.55  33.15
46    25     112.55  33.25
46    26     112.55  33.35
46    27     112.55  33.45
46    28     112.55  33.55
47    17     112.65  32.45
47    18     112.65  32.55
47    19     112.65  32.65
47    20     112.65  32.75
47    21     112.65  32.85
47    22     112.65  32.95
47    23     112.65  33.05
47    24     112.65  33.15
47    25     112.65  33.25
47    26     112.65  33.35
47    27     112.65  33.45
47    28     112.65  33.55
48    16     112.75  32.35
48    17     112.75  32.45
48    18     112.75  32.55
48    19     112.75  32.65
48    20     112.75  32.75
48    21     112.75  32.85
48    22     112.75  32.95
48    23     112.75  33.05
48    24     112.75  33.15
48    25     112.75  33.25
48    26     112.75  33.35
48    27     112.75  33.45
48    28     112.75  33.55
49    17     112.85  32.45
49    18     112.85  32.55
49    19     112.85  32.65
49    20     112.85  32.75
49    21     112.85  32.85
49    22     112.85  32.95
49    23     112.85  33.05
49    24     112.85  33.15
49    25     112.85  33.25
49    26     112.85  33.35
49    27     112.85  33.45
49    28     112.85  33.55
50    17     112.95  32.45
50    18     112.95  32.55
50    19     112.95  32.65
50    20     112.95  32.75
50    21     112.95  32.85
50    22     112.95  32.95
50    23     112.95  33.05
50    24     112.95  33.15
50    25     112.95  33.25
50    26     112.95  33.35
50    27     112.95  33.45
50    28     112.95  33.55
51    17     113.05  32.45
51    18     113.05  32.55
51    19     113.05  32.65
51    20     113.05  32.75
51    21     113.05  32.85
51    22     113.05  32.95
51    23     113.05  33.05
51    24     113.05  33.15
51    25     113.05  33.25
51    26     113.05  33.35
52    17     113.15  32.45
52    18     113.15  32.55
52    19     113.15  32.65
52    20     113.15  32.75
52    21     113.15  32.85
52    23     113.15  33.05
52    24     113.15  33.15
52    25     113.15  33.25
52    26     113.15  33.35
53    17     113.25  32.45
53    18     113.25  32.55
53    24     113.25  33.15
53    25     113.25  33.25
53    26     113.25  33.35
54    16     113.35  32.35
54    17     113.35  32.45
54    18     113.35  32.55
54    24     113.35  33.15
54    25     113.35  33.25
55    16     113.45  32.35
55    17     113.45  32.45
55    18     113.45  32.55
56    16     113.55  32.35
56    17     113.55  32.45
56    18     113.55  32.55
57    17     113.65  32.45
57    18     113.65  32.55
57    19     113.65  32.65
58    18     113.75  32.55
58    19     113.75  32.65
